36453
522
6542
8642
1598
33856
7867
1073
5494
877
15147
1731
1033
99
119
3423
18619
1308
9215
3100
1306
45327
33168
345
19169
4860
1285
4439
5703
22682
5132
1386
993
1978
1022
17347
12982
2798
492
865
1064
298
1644
45328
14198
1748
205
3912
1116
25444
1964
11234
555
399
495
3446
3443
522
470
5
399
1337
45329
627
1515
525
1515
614
2792
211
2540
2224
704
1011
856
3434
1402
10979
450
1977
1306
11698
92
1651
1499
1964
865
577
1044
2575
1701
3672
1977
9009
450
22490
92
1964
399
470