[1028, 26545, 7673, 316, 1019, 1204, 2589, 1964, -1, 9027, 1964, 289]
[522, 404, 13638, 1024, -1, 607, 113, 367, 5029]
[3341, 476, 22355, 314, -1, 45250, 3643, 5046, 476, 1679, 12170, 1034]
[11932, 2941, 4607, -1, 22867, 20586, 45251, 8642, 45252, 30714, 45253]
[13160, 271, 3508, 8986, 1085, 432, -1, 2626]
[505, 1292, 16620, 11227, 728, 505, 5078, 6013, 4597, 316, 252, -1, 4597, 253, 10888, 35571, 4597, 27122, 1938, 828, 608, 35572, 33856, 4597, 19650, 746, 4005, 3382]
[11965, 3781, 3401, 6542, 925, 3781, 522, 9042, 470, -1, 3656, 76]
[1578, 617, 5593, 1210, 993, 12013, 5593, 4577, -1, 11500, 1679, 461, 1971, 1035, 1962, 12013, 5593, 1210, 467]
[4669, 3642, 4220, 1512, -1, 17076, 1385, 41976, 865, 5758]
[7, 145, 9, 1256, 1257, 1724, 3436, 25911, 27397, 530, 3410, 236, 434, 461, 1034, 1177, 211, 2287, 877, 1559, 4902, 792, -1, 17802, 1789, 6127]
[7756, 3247, 430, 745, 4016, -1, 1137, 745, 1045, 45254, 4525, 17439, 3914, 1667, 11463, 815, 11463, 745, 45255, 45256, 11463, 660, 3547]
[45257, 1651, 576, 1590, 510, 495, 1022, 12279, -1, 9411, 14693, 821, 1034, 1157, 2210, 1211, 2760]
[45258, 404, 877, 1033, 1960, 377, 1034, 2905, -1, 773, 43284, 6407, 1966, 709, 993]
[461, 1032, 17283, 10792, 1373, 7924, 127, 1300, -1, 3382, 450, 905, 3394, 12522, 43489]
[1077, 3629, 2691, 316, 5014, 522, 195, 236, 5014, 2539, 3629, 2901, 3629, 2901, 39, 272, -1, 3629, 5065, 5066, 1682]
[2489, 45259, 1158, 1746, 503, 1088, 811, 2042, -1, 3914, 17592, 702]
[658, 456, 4771, 22783, 4842, 36712, 31476, 8492, 29467, 7110, 232, 1014, 34483, 7332, 2047, 1655, -1, 1591]
[3416, 4043, 26449, -1, 6031, 752, 617, 4196, 1649, 1079, 14771, 16368, 26450, 165, 2838, 7501, 10150]
[4392, 1644, 610, 1880, 2287, 3464, 275, 5231, 877, -1, 610, 1898, 2287, 450, 948, 621, 3509]
[9128, 658, 4739, 24313, 45260, 45261, 57, 11572, 555, 66, 1381, 31113, -1, 15267, 2510, 271, 2466, 175, 2129, 281, 57, 3111, 2304, 2972, 25278, 1953, 1598]
[877, 22305, 13512, 495, 41245, 367, -1]
[2557, 6217, 1560, 44743, 10904, -1, 4632, 9536, 279, 2660, 12380, 10904]
[189, 6519, 434, 38070, 45262, -1, 27430, 173, 7768, 189, 38070, 189, 2883]
[15155, 153, 236, 1662, 15926, 4895, 9672, 492, 5988, 5484, 15155, 4021, 1732, 23734, 5484, 1439, 6674, 5619, -1, 36820, 620, 1976, 667, 43775, 728]
[4657, 1437, 201, 7538, 345, 617, 377, 746, -1, 336, 2854, 45263, 45264]
[4083, 10689, 367, 289, 470, 3795, 211, -1, 165, 5827, 10688, 10168, 10689, 10689, 409, 212, 408, 361]
[22661, 9721, 576, 1044, 957, 1386, 4392, 13565, 1044, 4454, -1, 161, 542, 11903, 3914, 6303, 45265, 45266, 8725, 6116, 15552, 2760, 111, 1044, 1262, 1215, 31348, 111, 404, 1033, 1044, 1742, 1215, 1262, 3980]
[20232, 341, 2792, 576, -1, 9739, 7349, 45267, 273, 29538, 448]
[23752, 5843, 703, 6766, 30451, 1070, 45268, 4813, 22387, 45269, 45270, 70, 15149, 18520, 316, 45271, 3643, -1, 31194, 39337, 23760, 5797, 5921, 45272]
[1029, 45273, 877, 45274, 327, 2070, 1139, 16449, 11018, 877, 16569, -1, 2553, 21342, 877, 10231, 1028]
[1158, 4182, 1632, 1062, 2118, 4823, 41087, 1306, 1653, 7002, 601, 10447, 16756, 210, -1, 517, 811, 1064, 1391]
[11695, 221, 14911, 1181, 236, 11695, 90, 57, -1, 6634, 2287, 2292, 607, 792, 10419, 10419, 554, 6634, 2292]
[4353, 543, 221, 551, 159, 45275, 2325, 2326, 1601, 1953, 543, 1964, 1402, 2075, 1430, 1014, 111, 1300, -1]
[45276, 476, 4834, 45277, 45278, 18036, 1138, 45279, 1442, 4439, 2025, 1679, -1, 189, 1024]
[1161, 6199, 993, 2862, 269, 1022, 4834, -1, 6210, 6190, 110, 1161, 6199]
[576, 2171, 4224, 853, 4224, 286, 39, 1646, 201, 495, -1, 17348, 6340, 12289, 4008, 6505, 17349, 5703]
[3140, 5679, 16543, 15463, 1302, 456, 15464, 12849, 708, -1, 15465, 421, 1302, 1047, 1048, 116, 15466]
[24277, 9429, 221, 45280, 236, 459, 28, -1, 707, 6408, 3209, 3631, 3556]
[4711, 794, 2208, 492, 9215, -1, 1731, 3791, 9754, 12167, 1731, 510, 2822, 1034, 22327]
[2905, 17961, 82, 2931, 4882, -1, 789, 631, 2557, 6157, 5390, 175, 24235, 244, 45281, 2698, 7693]
[19973, 34292, 434, 607, 45282, 45283, 536, 24003, -1, 2460, 4171, 37178, 34292, 45284, 9338, 489, 9035, 8947]
[2300, 11939, 1398, 1795, 22878, 129, 13798, 165, -1, 161, 661, 129, 2644, 383, 24321, 813, 588, 665]
[333, 1700, 259, 404, 7535, 4147, 4129, 11879, 2492, 1502, 1983, 430, 667, 1391, 22259, 6997, 22259, -1, 702, 1391, 430, 1726, 1107, 278, 3104, 425]
[45285, 2, 4779, 1560, 20245, 450, 45286, 20991, 161, 12279, -1, 4521, 856]
[1665, 11785, 6479, 6478, 45287, 607, 161, 4382, 492, 1129, 7631, 1360, -1, 1208, 8521, 1208, 2303, 45288]
[6116, 7349, -1, 275, 774, 1741, 8216, 660, 5412, 1981]
[2854, 6717, 736, 33149, 211, 1439, 325, 1439, -1, 660, 5412, 6025, 503, 3413, 1439, 205, 4097]
[745, 2700, 383, 11698, 500, 8273, 1158, 2488, 1646, -1]
[1300, 2, 6821, 3791, 9600, 161, 2210, -1, 1092, 1034, 39, 16536, 5493, 6519, 2933, 289, 1649, 4421, 9618, 425]
[45289, 13369, 4769, 1262, 43764, -1, 1847, 123, 70, 9367, 347, 13369, 4769, 25452, 25443, 45290, 60, 45291, 45292, 45293, 25444, 45294, 253, 1214, 1979, 1701]
[1800, 236, 960, 476, 14758, 4129, 4130, 15, 808, 817, 1324, 4162, 1874, 2497, 1718, 430, -1, 275, 259, 8076, 1515, 2044]
[5703, 15138, 4657, 2803, 450, 6325, 2511, 1667, 1079, 1163, 1012, 11234, 1014, 1097, 20886, 1012, 5815, 1134, 45295, 9411, 630, 206, 2513, 113, -1, 2384, 2187]
[7, 6, 9, 10, 11, 1140, 145, 5335, 19265, 14, 2286, 13107, 39203, 3849, 15, -1, 13872, 1182, 10832, 3067]
[3434, 7964, 314, 438, 5756, 241, 356, 236, 1208, 601, 745, 4097, 5257, 865, 18807, 18564, 6302, 356, 236, 45296, 704, 291, -1, 1602]
[15952, 15404, 4739, 15417, 45297, 16619, 15930, 244, 7848, 9704, 45297, 1089, 1632, 2616, 495, 505, 6827, -1, 12187, 37389, 1641, 45297, 39738, 4739, 1300, 2626, 22352]
[2557, 90, 5092, 6739, -1, 3639, 5, 45298, 9575, 37099, 34317, 25791, 8548, 794, 496]
[434, 284, 3647, 9023, 371, 2557, 10880, 1659, 332, 11571, 9851, 456, 2557, 9023, 3647, 11630, 45299, 3443, 1062, -1, 18734]
[9610, 522, 285, 526, 1639, 10460, -1, 2236, 14651, 2617, 20568, 1102, 5242, 3838, 2792]
[794, 3744, 2355, 37410, 5043, 4353, 2356, 17370, 17369, 35196, 45243, 2, 28763, 32102, 1931, 45300, 2, -1, 4706, 6858, 36080, 39, 2311, 19706, 5493, 1031, 45301, 45302]
[19494, 9718, 45303, 7270, 45304, 45305, 34734, 1319, 5085, 1430, 6290, 5634, 543, 5, 2415, 2549, 5793, 4087, 6, 5, 45306, 13389, 41979, 7680, 2325, 6435, 3781, 3672, 1953, 1379, 2415, 2549, -1, 4087]
[12130, 347, 295, 45307, 5346, 13735, 45308, 20238, 72, -1, 370, 175, 60, 5305, 1083, 1361, 4956, 82, 9025, 241, 72, 5279, 60, 20518, 3111]
[45309, 620, 13123, 35025, 1245, 8925, 39, 20256, -1, 4785]
[25270, 239, 1800, 39, 1943, 5010, 386, 2325, 2326, 522, 4097, 543, 1067, 1598, -1, 1288, 960, 476, 99, 5576, 476, 6129]
[45310, 2004, 1651, 1993, 153, 6659, 34248, 4601, 567, 993, 189, 1263, 259, 1106, -1, 2645]
[627, -1, 4198, 201, 1970, 2058, 2805, 535, 278, 2325, 2326, 240, 2325, 2326, 5503, 387, 201, 1969, 426, 1964, 425]
[1085, 7, 461, 1390, 233, 4696, 3434, 586, 45311, 5535, 3629, 28, 133, 7, -1, 1609, 5544, 5207]
[461, 3356, 13955, 1742, 3530, 211, 11, 2597, 45207, 41032, 6012, 1486, 18332, 938, 12740, -1, 2071]
[131, 42762, 35111, 12250, 6116, 862, 6354, 3353, 10113, 14503, 45312, 373, 34561, 310, 23971, 40515, -1, 4674, 42762, 1651, 310, 23971, 2129, 3451]
[765, 766, 2424, 45313, 1306, 2634, 495, 4171, 3382, 629, 450, 5406, -1]
[381, 41206, -1, 41207, 458, 9536, 877]
[11615, 2764, 56, 4990, 44743, 347, 2483, 7422, 4977, 2540, 273, 1623, 4607, 8660, 45314, -1]
[32285, 510, 676, 703, 17298, 1651, 194, 2398, 1494, 701, 349, 281, 627, 2126, 2375, 11156, 1034, 399, 2260, -1, 704, 686, 561, 5929, 131, 281, 928, 1532, 686, 63, 4739, 80, 4712, 710, 2046, 9796, 667, 4396, 175, 1685, 2443, 11338, 131, 1425, 12229, 700, 558, 2443, 560]
[32285, 510, 676, 703, 17298, 1651, 194, 2398, 1494, 701, 349, 281, 627, 2126, 2375, 11156, 1034, 399, 2260, 2224, -1, 686, 561, 5929, 131, 281, 928, 1532, 686, 63, 4739, 80, 4712, 710, 2046, 9796, 667, 4396, 175, 1685, 2443, 11338, 131, 1425, 12229, 700, 558, 2443, 560]
[10882, 10892, 817, 3994, 314, -1, 315, 316, 236, 4114, 2497, 175, 610, 1506, 1635, 76, 1718, 817, 275]
[90, 3743, 2559, 7559, 4774, 495, 1643, 16197, 189, -1, 1163, 252, 505, 1102, 10544, 882, 1102, 517, 26556, 505, 168, 4881, 272, 1163, 474, 18837, 1559, 1430, 5891, 19213]
[661, 10821, 20487, 236, 314, 43, 2003, 12096, 5403, 865, 1654, 9781, 3434, 15267, -1, 1911, 4171]
[323, 383, 3547, 383, 1402, 5033, 434, 4068, 119, 1101, 498, 1062, -1, 1953, 6555, 24547, 4043, 45315, 3765]
[542, 2589, 5382, 1612, 18034, 476, 35780, 35781, -1, 960, 476, 15659, 35781]
[12438, 9382, 2357, 341, 3372, 998, 2355, 439, 8274, 813, 765, 538, 517, 450, 8274, 1014, 765, 538, 505, -1]
[13251, 62, 13464, 1943, 1116, 1034, 1977, 2760, 30821, 1034, -1, 567, 27952, 2258, 5990, 12476, 3885, 107, 476, 1640, 4879, 567, 1628, 1300, 1643]
[2287, 5042, 14485, 14486, 993, 495, 430, -1, 20557, 1392, 25612, 430, 6016, 825, 1014, 306, 755]
[309, 2285, 2781, 191, 236, 11535, 9067, 996, 1847, 5925, 11698, 576, 4392, 1644, 39, 11694, 1925, 23116, 43490, 16005, -1]
[10885, 23319, 627, 808, 5181, 2328, 4739, 9379, 1646, 13021, 92, 1598, 45316, 2328, 347, 1687, 118, 476, 3779, 56, 175, 91, -1, 44005, 94, 98, 1641, 25069, 77, 255, 123, 1598, 44006, 94, 98, 1641, 10108]
[4439, 2045, 321, 10442, 3446, 2045, -1, 801, 1089, 704, 1651, 1058, 1092, 14574, 10442, 3446, 1323, 1292, 4458, 1749, 1014, 10456, 33918, 539, 5666, 601, 7385, 7386, 41750, 16756]
[4821, 4633, -1, 4633, 457, 64, 2203, 1499, 755, 773, 306, 1499, 2512, 5138, 421, 2174, 3152, 457, 64, 383, 817, 1210, 2203, 6151, 853, 201, 1308, 1116, 1034, 1928, 457, 64, 383, 2203, 9780, 753]
[4129, 4305, 2376, 7483, 201, 1220, 1975, 430, -1, 20106, 23736, 5043, 1795, 221, 551, 159, 20159, 948]
[2557, 1208, 13681, 393, 865, 1748, 175, 625, 25297, 807, 807, 1767, 3604, -1]
[3300, 908, 476, 45317, 1646, -1, 960, 476, 3136, 4235, 2248, 99]
[6548, 28, 4624, 168, 7615, 4779, 2609, -1, 232, 1308, 5183, 1208, 2557, 660, 10610, 351]
[3416, 1158, 5592, 5305, 13954, 567, 673, 20853, 2375, 4197, 14462, 5305, 4021, -1, 45318, 21845, 3145, 3467, 72]
[561, 456, 3195, 1141, 1701, 560, 1991, 1300, 1424, 2287, 1210, 11798, 285, 1701, 2287, 5023, 457, 64, 1945, 1946, 189, 404, 1210, 1718, 1014, 1719, 390, -1]
[1263, 461, 507, 1263, 993, -1, 7725]
[507, 1977, 404, 1090, 1044, 1058, 23002, 461, 278, 6790, 461, 507, -1, 404, 4186, 31214, 3087, 2208, 1044, 119]
[2287, 4634, 189, 9009, 1024, 503, 189, 9009, 1024, 114, 993, 2005, 1761, 39408, 189, -1, 1024, 38633]
[2149, 45319, 45320, 349, 45321, 625, 1117, 1893, 45322, 11589, 43861, 34019, -1, 1015, 1426, 230, 4826, 1014, 306, 1294, 7601, 1062, 4826]
[1256, 1257, 1724, 22490, 3401, 869, 2303, 22490, 702, 998, 275, 1722, 110, -1, 702, 998, 275, 1718, 349, 2171, 425, 448, 3780, 45323, 660, 25870, 707, 709, 1953, 22490, 702, 998, 1402, 848, 825, 918, 497]
[461, 175, 1003, 1033, 90, 1615, 28, 1312, 811, 45324, 72, -1, 98, 99, 8435, 4801, 123, 90, 1615, 133, 565, 1136, 1033, 124, 1319]
[1239, 1964, 728, 1724, 3378, 1239, 470, 2129, 1964, 385, 22308, 1239, 1964, 11723, 1317, 20542, 1234, -1, 1079, 1239, 12550, 3642, 494, 1263, 11678, 1024, 1161, 1964, 2519]
[1726, 45325, 727, 728, 45326, 670, 1410, 22956, 321, 30401, 821, 26723, 235, -1, 9809, 2667, 22873, 279, 399, 11523, 9009, 399, 11884, 1074]
[5516, 3211, 460, 113, 1798, 75, 310, 5711, 470, 8176, 113, 542, 75, 310, 5711, 470, 3143, 113, 4421, 1068, 10403, 33031, 108, 5711, -1]
